filteredProcessID
0 4 128

filteredEventIdentifier
1030727891 128
1030727892 10
1030727892 11
1030727892 14
2924704302 27
1030727888 3
1030727888 4
1030727888 39
749821213 3
749821213 4
2429279289 76
2429279289 69
2429279289 74
2429279289 75
2429279289 84
2429279289 82
2429279289 80
2429279289 81
2429279289 79
2429279289 83
2429279289 86
3208270021 11
3208270021 17
3208270021 27
3208270021 26
3208270021 10
1030727888 11
2924704302 34
3458056116 58
1030727889 72
1030727889 3
1030727889 4
2924704302 29
2924704302 28

filteredImageFile
ntdll.dll